 1.174
 1.183
 1.1762
 1.1625
 1.1711
 1.1565
 1.1501
 1.1568
 1.1669
 1.1682
 1.1565
 1.1606
 1.1612
 1.1558
 1.1597
 1.158
 1.155
 1.1561
 1.144
 1.1417
 1.1387
 1.1305
 1.1345
 1.1307
 1.1339
 1.1262
 1.132
 1.1311
 1.132
 1.1228
 1.1296
 1.1222
 1.1204
 1.1235
 1.1196
 1.107
 1.1022
 1.1006
 1.1
 1.1033
 1.0982
 1.0893
 1.0943
 1.0875
 1.08
 1.0819
 1.0885
 1.0885
 1.0939
 1.1044
 1.0892
 1.092
 1.0995
 1.0986
 1.0975
 1.0907
 1.0908
 1.0898
 1.087
 1.0837
 1.0742
 1.0726
 1.0715
 1.0771
 1.0785
 1.0785
 1.071
 1.0837
 1.0763
 1.0735
 1.0816
 1.0805
 1.077
 1.0808
 1.0694
 1.0672
 1.0661
 1.0619
 1.0585
 1.0644
 1.0608
 1.0585
 1.0655
 1.0627
 1.0615
 1.0586
 1.0564
 1.0628
 1.0752
 1.0795
 1.0725
 1.0785
 1.0711
 1.0641
 1.0663
 1.0672
 1.0663
 1.0677
 1.0665
 1.0612
 1.0559
 1.0601
 1.0615
 1.0447
 1.0422
 1.0455
 1.0426
 1.0447
 1.0355
 1.0314
 1.0357
 1.029
 1.046
 1.0468
 1.048
 1.051
 1.0418
 1.0424
 1.0303
 1.034
 1.0386
 1.034
 1.0325
 1.0333
 1.0403
 1.0397
 1.0325
 1.033
 1.0359
 1.0238
 1.0245
 1.0222
 1.0245
 1.0188
 1.0218
 1.0192
 1.0147
 1.0166
 1.02
 1.0195
 1.0182
 1.0315
 1.04
 1.051
 1.0503
 1.0516
 1.064
 1.0632
 1.0662
 1.071
 1.068
 1.0681
 1.0678
 1.0775
 1.0755
 1.0725
 1.072
 1.0705
 1.0653
 1.067
 1.0571
 1.058
 1.0508
 1.052
 1.0631
 1.0669
 1.0493
 1.0535
 1.0429
 1.0456
 1.0475
 1.0495
 1.0564
 1.0574
 1.068
 1.0575
 1.057
 1.0588
 1.0596
 1.0536
 1.0353
 1.0416
 1.0356
 1.0405
 1.0388
 1.0414
 1.0359
 1.049
 1.0431
 1.0508
