-0.24814720
 0.41832584
 -1.7193779
 -1.3518091
-0.47921733
-0.78998394
-0.58668008
 0.65709760
 -1.0659068
 -0.36169765
  0.30314232
   1.0489835
  -1.0759768
   1.0094387
 0.038160685
  -1.7116814
   2.2062997
  0.60059836
  -1.8409635
 -0.17329316
   1.1978324
  -1.5353669
  0.63032657
 -0.42415832
 0.067323809
 -0.29282792
 -0.35609246
   1.1362905
 -0.67894386
  0.71670755
   1.8285643
-0.071954192
  -1.0056758
 -0.15906860
 0.080846195
   1.1460869
 -0.89132936
 -0.64757818
 -0.40351963
 -0.62479740
  0.58244386
 -0.77352911
   1.3015127
  -1.1725195
 -0.54238324
 -0.61092749
 -0.46173727
  -1.9648049
   3.1217578
  -1.9675350
  0.57805287
 0.054180453
  0.37643202
  0.72536201
  0.78809978
  0.73622635
 -0.32027870
 -0.17115549
   1.3349876
   1.2048725
  -2.1048028
 -0.40242786
 -0.38061408
  0.68176855
  0.82326819
   1.1580942
  -1.2410733
 -0.89265477
  0.24889692
  -1.2671764
 -0.36009673
 -0.26673641
 -0.36517547
  0.80000963
 -0.24290115
 -0.14336316
  0.64394964
  0.90397833
  -1.5762721
 -0.46624170
 0.012645025
  0.70147820
  -1.1827901
  0.57876382
 -0.66967849
 -0.85618936
 -0.21008272
   1.9603710
-0.051243289
  0.61465349
  0.31098095
   1.2700329
  -1.8059395
  0.36495037
   1.0854760
 -0.89556841
 -0.65964737
  0.47310621
  -1.8306664
     1.0172413
    -1.8340070
   -0.70291053
    0.73920376
    0.56616856
   -0.48360841
    0.67910025
    -1.4641244
     1.4683173
    -2.2256695
    0.85552779
   -0.43230521
    0.70892399
   -0.49296365
   -0.22575906
    0.66744912
    -1.0713862
    0.47062429
    0.73664430
   -0.23291816
   -0.18528168
   -0.17031458
     1.4203743
   -0.81077449
     1.6360772
   0.065382083
    0.30356527
    -1.3235298
     1.3056259
   -0.27732159
     1.9598234
    0.30972073
   0.019021687
    -1.2466026
     2.4487665
    0.16900506
   -0.90300503
    -1.2311836
    0.33923446
   -0.94399458
   -0.55491517
    -1.3501281
    0.94761378
   -0.39776880
    0.91174899
    -1.0494167
     1.5558470
    0.67243444
   -0.67692538
     1.1309006
    -1.1614198
    0.55787418
   -0.75622743
    0.45648903
     1.6558314
   -0.74416908
   -0.36322100
  -0.018960131
   0.075694666
   -0.28478450
   -0.10461085
   0.010503635
    0.42084833
    -1.6066806
    0.81133606
   -0.18765215
    0.37944014
    0.48238392
    0.27854978
    -1.7859206
    -1.1709930
     1.3151214
    -1.1453144
     1.6387663
    -1.5686852
     1.2065929
   -0.98967664
     1.4433350
    -1.3821460
   -0.60145072
     1.1937182
   0.087520199
   -0.32162792
   -0.11077381
   -0.19931300
   -0.37036820
    0.35197418
    -1.6682987
     1.6896802
   -0.21869173
   -0.97930580
    -2.1796692
   -0.24131796
     1.3082779
    -1.2419720
  -0.095241376
     1.2899312
    -1.9781528
     1.5681851
     1.3848263
    0.46199153
   0.64564141
  -0.36909065
   0.63747310
    1.0580252
   0.22179937
   -1.7678041
 -0.081726193
  -0.58883408
    1.2232837
  -0.40376587
    1.6212649
  -0.17775633
   0.15708607
   -1.1518673
    1.2783608
   -2.8286892
    1.5259444
   0.35789683
   0.19929641
   -1.5099302
  -0.14720004
  -0.98898317
   0.61648843
   0.93644367
   -1.4624562
   0.17893732
   -1.0653449
  -0.29682730
    1.8949240
   -2.0741384
    1.7410740
  -0.10507013
  -0.32615124
  -0.80035420
    1.2866968
   -1.3166921
   0.67678758
   -2.7116174
   0.83189148
   -1.4737526
   0.97519752
  -0.47054639
   0.95129523
  -0.15879886
  -0.64303471
  -0.12829485
   0.26463738
    1.0994909
  -0.21652284
   0.40623788
   0.13182330
   -1.1740731
    2.5319628
   -1.1505250
   0.51319256
 -0.084565245
  -0.55168429
    1.0293516
   -2.0929677
    2.5047433
   -1.2903396
    2.3926770
   -2.8380704
    2.2238529
 0.0068957179
   0.38865913
   -1.4352609
    1.0792899
   -2.9431937
   0.74963080
   -1.4111885
   0.23629026
  -0.72684119
  -0.13547465
   0.73179333
 0.0057894802
    2.7040241
   -2.0961780
   0.69688225
  -0.32157387
   0.27586784
  -0.14815360
   -1.6842698
    1.1165482
   0.49903068
  -0.83588805
    1.8594617
   -2.0981164
   0.97183453
   -1.2579034
   0.65681748
    1.0449294
   -1.1714274
  -0.13500760
    1.9569187
   0.41520776
  -0.19221942
   0.98616556
  -0.12920415
  -0.27138524 
