19778
18455
17681
19310
20907
18839
17870
19358
20900
19329
18461
19620
21189
19808
19068
20324
22014
20641
19970
21362
23011
21388
20430
21789
23864
22194
21199
22491
24388
23034
21908
22998
24586
23128
22169
23512
25314
23835
22763
23917
25631
24393
23326
24501
26458
25507
24329
25498
27337
25866
24493
25516
27394
25856
24535
25503
27257
25902
24754
25979
28223
26746
25423
26457
28140
27419
26337
26952
28228
27374
26110
26822
28453
27650
26499
27276
29076
28153
26787
27286
28822
28040
26712
27304
28926
28438
27203
27770
29279
28624
27258
27629
