2.729621
1.889857
2.476046
3.352935
3.229829
3.570678
3.58743
4.909093
4.60544
3.515094
3.711018
3.364419
4.775728
3.940119
3.280215
2.075784
1.458215
1.968339
1.793582
2.065917
2.329693
0.934806
1.27336
0.401708
0.587876
-0.720486
0.890931
0.746906
0.06848
0.297367
-1.563768
0.012268
-0.016151
-0.304273
0.331721
-0.724326
-0.720803
-0.873446
-0.541307
-0.868979
1.102875
0.313325
2.481264
3.003967
-0.010934
0.595485
0.295634
0.822572
1.066501
-0.066236
0.650812
0.883731
2.49282
1.2392
2.338034
2.735213
3.135249
4.154108
2.584411
2.654788
1.591101
1.39542
2.785343
2.023533
1.731495
2.044575
2.553995
3.235646
3.638234
1.355492
-0.769398
-0.807779
-0.34638
1.729745
2.510672
2.114442
2.12321
0.303639
2.07233
1.613341
2.907964
1.034788
1.225742
1.893015
1.370428
0.052051
2.150124
2.486581
2.418241
1.969598
3.2738
1.637979
2.833316
2.46345
3.840121
3.065651
5.151462
5.048571
3.723742
2.736155
0.854012
1.01335
2.767798
0.191084
0.514702
0.89035
0.352667
3.319407
3.367398
2.658413
3.575538
3.558169
1.469318
2.93424
2.531371
2.205822
3.546212
5.182684
5.711877
6.113062
5.617512
4.47567
3.889095
3.644002
3.671334
3.189287
2.207745
2.484615
3.401725
1.571239
0.777871
0.833815
2.895253
2.998786
3.411868
3.936525
4.796652
2.164196
4.165239
4.005953
5.309775
5.05507
5.102816
2.344453
1.321333
2.266687
1.958035
0.741837
3.391767
4.083136
4.376667
4.086734
4.797903
3.707067
3.180858
4.305699
4.508153
6.350052
3.254121
3.761049
3.26361
1.024952
2.388151
3.044903
2.91905
2.237406
1.609866
1.480343
2.372843
2.447772
2.859676
1.567008
0.836885
-0.229289
-0.215348
2.86113
4.574218
4.372383
2.48239
3.082915
3.204173
3.629073
1.724865
3.965745
5.703416
5.533897
5.230476
1.665925
1.357276
1.493681
0.414189
0.622467
2.114482
2.626023
2.578428
2.825076
2.004101
0.980544
0.414654
1.283821 
0.757702
0.364559
0.299621
1.81474
1.599361
1.602931
2.968999
2.288977
2.224475
2.542868
2.962672
2.26541
0.69044
3.210482
5.473182
4.096057
4.225114
5.013814
4.556688
5.028823
4.869978
4.724927
4.747358
3.644722
3.15114
1.211836
2.282087
0.987396
0.040567
0.63871
2.010341
1.975124
0.628264
-1.099028
-2.185631
-1.411999
-0.785321
-0.260915
3.291979
2.419091
3.041732
3.227834
3.379644
2.861875
2.635128
2.261784
2.32315
1.731424
2.412908
3.74467
3.64088
2.568925
1.666939
1.87581
3.071664
2.958313
2.103463
3.413508
3.665621
3.756444
3.51368
1.955653
4.131972
4.942533
3.360481
2.766764
1.562961
1.253515
1.258261
0.68877
0.96197
1.419169
1.570778
2.095219
2.119034
1.388867
1.361374
0.500099
0.608401
1.169937
0.84618
2.321051
3.019119
2.809896
1.55373
1.851355
1.866693
1.614211
3.037081
2.359853
1.576829
0.605233
0.878542
0.700184
0.550329
0.980306
0.083233
0.312076
1.466103
1.158716 
