87.8
88.3
97.7
85.1
95.7
91.8
94.6
44.3
89.9
98.7
90.8
76.5
89.3
86.4
91.9
84.7
94.2
89.4
96.2
40.1
92.8
97.8
91.3
77.3
85.1
89.2
96.8
88.8
89.4
95.2
96.4
37.7
90.3
92.9
91.4
76.2
77.5
85.6
96.6
85.5
88.9
91.7
90.1
39
90.7
88.4
90.3
80.6
78.2
86.3
98.3
84.9
96
97.5
94.4
45.7
98
94.8
96.9
86.1
90.1
92.8
105.9
85.6
101.9
101.6
97.9
52
98.8
103.2
100.7
83.6
94.4
98.3
100.7
90
100
95
102.9
46.8
95.2
103.4
95.2
82.1
88.2
94.4
96.4
98.3
100.1
101.3
108.2
48.2
104.1
110.5
100.9
90.1
91.4
98.2
107
99.2
99.9
106
109.4
48.7
105.4
106.2
103.4
87.3
87.8
95.9
108.4
96.8
98.9
104.7
106
53.7
105
105
106.5
94.8
91.4
103.6
112.9
92.6
109.6
109.4
106
58
106.3
109.6
109.1
91.5
100.2
102.6
113.3
94.3
109.3
106.4
108.4
55
100.9
109.9
102.6
87.3
95.6
99.8
105.6
94.8
108.4
101.2
111.5
51.4
103.9
109.4
102.5
90
94.3
98.8
105.1
96.5 
